{
 "cells": [
  {
   "cell_type": "markdown",
   "metadata": {},
   "source": [
    "# Calibration with planes"
   ]
  },
  {
   "cell_type": "markdown",
   "metadata": {},
   "source": [
    "## Calibration with openCV"
   ]
  },
  {
   "cell_type": "markdown",
   "metadata": {},
   "source": [
    "Importing modules"
   ]
  },
  {
   "cell_type": "code",
   "execution_count": 1,
   "metadata": {},
   "outputs": [],
   "source": [
    "import numpy as np\n",
    "import cv2\n",
    "import glob\n",
    "\n",
    "\n",
    "# This is a value for the termination criterion of the subpixel corner localizer\n",
    "criteria = (cv2.TERM_CRITERIA_EPS + cv2.TERM_CRITERIA_MAX_ITER, 30, 0.001)"
   ]
  },
  {
   "cell_type": "markdown",
   "metadata": {},
   "source": [
    "Creation of the 3D point coordinates and loading images"
   ]
  },
  {
   "cell_type": "code",
   "execution_count": 2,
   "metadata": {},
   "outputs": [
    {
     "name": "stdout",
     "output_type": "stream",
     "text": [
      "['left1.jpg', 'left11.jpg', 'left12.jpg', 'left13.jpg', 'left14.jpg', 'left2.jpg', 'left3.jpg', 'left4.jpg', 'left5.jpg', 'left6.jpg', 'left7.jpg', 'left8.jpg', 'left9.jpg']\n"
     ]
    }
   ],
   "source": [
    "# Here you have 3D points for the checkerboard (0,0,0), (1,0,0), (2,0,0) ....,(6,5,0)\n",
    "objp = np.zeros((6*7,3), np.float32)\n",
    "objp[:,:2] = np.mgrid[0:7,0:6].T.reshape(-1,2)\n",
    "# Here you load the image files\n",
    "images = glob.glob('left*.jpg')\n",
    "\n",
    "print(images)\n"
   ]
  },
  {
   "cell_type": "markdown",
   "metadata": {},
   "source": [
    "Cell 1"
   ]
  },
  {
   "cell_type": "markdown",
   "metadata": {},
   "source": [
    "We store the 3D points from the real word in array objpoints[] and 2D points in image place in array imgpoints[]for all the images we have and the loop over all the images , and in each loop we do those operations:\n",
    "    -We use the function cvtColor() to convert the image from RGB to gray using this parameter cv2.COLOR_BGR2GRAY.\n",
    "    -After converting the image to gray , we use the function findChessBoardCornes() to find the positions of internal corners of the chessboard . We pass in this function the gray image and the size of pattern . In other words,the number of inner corners per a chessboard row and column.And it returns the position of the corners  .\n",
    "    - Depending on the return of the function below , if it is True (the input image is a view of the chessboard pattern ) , we add the objp defined in the beginning to the array objpoints[] and then we apply the function cornerSubPix() to refine the corner locations by using the gray image and the corners passed in parameters. Then we add the new corners to the array imgpoints[]\n"
   ]
  },
  {
   "cell_type": "code",
   "execution_count": 3,
   "metadata": {},
   "outputs": [
    {
     "name": "stdout",
     "output_type": "stream",
     "text": [
      "[[ 0  0  1 ...  0  0  4]\n",
      " [ 0  1  3 ...  4  5  8]\n",
      " [ 2  3  5 ...  9  6  3]\n",
      " ...\n",
      " [11 37 40 ... 48 40  1]\n",
      " [10 34 34 ... 55 51 17]\n",
      " [ 0 11  9 ... 16 17  0]]\n"
     ]
    }
   ],
   "source": [
    "# Arrays to store object points and image points from all the images.\n",
    "objpoints = [] # 3d point in real world space\n",
    "imgpoints = [] # 2d points in image plane.\n",
    "for fname in images:\n",
    "    #reading an image\n",
    "    img = cv2.imread(fname)\n",
    "    # transforming the image to gray scale\n",
    "    gray = cv2.cvtColor(img,cv2.COLOR_BGR2GRAY)\n",
    "\n",
    "    # Find the chess board corners\n",
    "    ret, corners = cv2.findChessboardCorners(gray, (7,6),None)\n",
    "\n",
    "    # If found, add object points, image points (after refining them)\n",
    "    if ret == True:\n",
    "        objpoints.append(objp)\n",
    "\n",
    "        corners2 = cv2.cornerSubPix(gray,corners,(11,11),(-1,-1),criteria)\n",
    "        imgpoints.append(corners2)\n",
    "        \n",
    "print(gray)"
   ]
  },
  {
   "cell_type": "markdown",
   "metadata": {},
   "source": [
    "Cell 2"
   ]
  },
  {
   "cell_type": "markdown",
   "metadata": {},
   "source": [
    "By using the objpoints[] and imgpoints [] found in Cell 1 , we do the calibration using the function calibrateCamera() . We pass to this function objpoints[] , imgpoints [] and the gray image size. And it returns  ret, camera matrix, distortion coefficients, rotation and translation vectors."
   ]
  },
  {
   "cell_type": "code",
   "execution_count": 4,
   "metadata": {},
   "outputs": [],
   "source": [
    "retval, mtx, dist, rvecs, tvecs = cv2.calibrateCamera(objpoints, imgpoints, gray.shape[::-1],None,None)\n",
    "\n"
   ]
  },
  {
   "cell_type": "markdown",
   "metadata": {},
   "source": [
    "After reading the documentation of the cv2.calibrateCamera() we can say that we're using the calibration with planes method, that in addition to the fact that we're using the checkerboard images.\n",
    "\n",
    "The output variables:\n",
    "ret : the overall RMS re-projection error\n",
    "mtx: camera matrix\n",
    "dist: distortion coefficients\n",
    "\n",
    "\n",
    "The output matrices:\n",
    "rvecs: rotation  vectors\n",
    "tvecs: translation vectors\n"
   ]
  },
  {
   "cell_type": "code",
   "execution_count": 5,
   "metadata": {},
   "outputs": [
    {
     "name": "stdout",
     "output_type": "stream",
     "text": [
      "rotation vector size 11\n"
     ]
    }
   ],
   "source": [
    "print(\"rotation vector size\",len(rvecs))"
   ]
  },
  {
   "cell_type": "markdown",
   "metadata": {},
   "source": [
    "rvecs represents the rotation vector and it’s an extrinsic parameter of the camera.\n",
    "it is a convenient and most compact representation of a rotation matrix.\n",
    "its size is (3x1) or (1,3) .\n",
    "\n",
    "We can use the command Rodrigues() to retrieve R from rvecs.The function Rodrigues converts a rotation matrix to a rotation vector or vice versa. In our case ,we pass the vector of the rotation as a parameter (we can also pass an optional parameter Jacobian matrix) , it returns the matrix of rotation and a Jacobian matrix .\n"
   ]
  },
  {
   "cell_type": "code",
   "execution_count": 6,
   "metadata": {},
   "outputs": [
    {
     "name": "stdout",
     "output_type": "stream",
     "text": [
      "[[-0.96172702 -0.01012322  0.27382232]\n",
      " [-0.03510698 -0.98652886 -0.1597758 ]\n",
      " [ 0.27175107 -0.16327378  0.94841606]]\n",
      "\n",
      "\n",
      "[[-0.00572681  0.99739943  0.07184414]\n",
      " [-0.92863032 -0.03195676  0.3696275 ]\n",
      " [ 0.37096216 -0.06459986  0.92639837]]\n",
      "\n",
      "\n",
      "[[-0.30887909  0.9501694   0.04209285]\n",
      " [-0.83758618 -0.25077985 -0.48534406]\n",
      " [-0.45060304 -0.18516902  0.87330941]]\n",
      "\n",
      "\n",
      "[[ 0.14620389 -0.89550824 -0.4203444 ]\n",
      " [ 0.96337408  0.22544365 -0.14520858]\n",
      " [ 0.22479946 -0.38371885  0.89567017]]\n",
      "\n",
      "\n",
      "[[ 0.09449387  0.97566706  0.19785017]\n",
      " [-0.75316188  0.20002654 -0.62668698]\n",
      " [-0.65101313 -0.08979513  0.75373652]]\n",
      "\n",
      "\n",
      "[[-0.92086474  0.36672175  0.13237558]\n",
      " [-0.31481472 -0.89968619  0.30241768]\n",
      " [ 0.22999962  0.23681199  0.94393869]]\n",
      "\n",
      "\n",
      "[[-0.97102471  0.01119766  0.23871662]\n",
      " [ 0.01646123 -0.99339509  0.11355711]\n",
      " [ 0.23841149  0.11419633  0.96442686]]\n",
      "\n",
      "\n",
      "[[-0.19398737  0.97117073  0.13855077]\n",
      " [-0.86334948 -0.23607533  0.44597771]\n",
      " [ 0.46582892 -0.03310369  0.88425537]]\n",
      "\n",
      "\n",
      "[[ 0.09035979  0.89591846  0.43493129]\n",
      " [-0.9925907   0.1166383  -0.03404703]\n",
      " [-0.08123301 -0.42863228  0.89981974]]\n",
      "\n",
      "\n",
      "[[ 0.3196801   0.90154405  0.29158697]\n",
      " [-0.94599805  0.28620967  0.15222259]\n",
      " [ 0.05378036 -0.32450324  0.94435445]]\n",
      "\n",
      "\n",
      "[[ 0.24448145  0.94949021  0.19671593]\n",
      " [-0.91522284  0.15894416  0.37027545]\n",
      " [ 0.32030607 -0.27056439  0.90785403]]\n",
      "\n",
      "\n",
      "[array([[-0.96172702, -0.01012322,  0.27382232],\n",
      "       [-0.03510698, -0.98652886, -0.1597758 ],\n",
      "       [ 0.27175107, -0.16327378,  0.94841606]]), array([[-0.00572681,  0.99739943,  0.07184414],\n",
      "       [-0.92863032, -0.03195676,  0.3696275 ],\n",
      "       [ 0.37096216, -0.06459986,  0.92639837]]), array([[-0.30887909,  0.9501694 ,  0.04209285],\n",
      "       [-0.83758618, -0.25077985, -0.48534406],\n",
      "       [-0.45060304, -0.18516902,  0.87330941]]), array([[ 0.14620389, -0.89550824, -0.4203444 ],\n",
      "       [ 0.96337408,  0.22544365, -0.14520858],\n",
      "       [ 0.22479946, -0.38371885,  0.89567017]]), array([[ 0.09449387,  0.97566706,  0.19785017],\n",
      "       [-0.75316188,  0.20002654, -0.62668698],\n",
      "       [-0.65101313, -0.08979513,  0.75373652]]), array([[-0.92086474,  0.36672175,  0.13237558],\n",
      "       [-0.31481472, -0.89968619,  0.30241768],\n",
      "       [ 0.22999962,  0.23681199,  0.94393869]]), array([[-0.97102471,  0.01119766,  0.23871662],\n",
      "       [ 0.01646123, -0.99339509,  0.11355711],\n",
      "       [ 0.23841149,  0.11419633,  0.96442686]]), array([[-0.19398737,  0.97117073,  0.13855077],\n",
      "       [-0.86334948, -0.23607533,  0.44597771],\n",
      "       [ 0.46582892, -0.03310369,  0.88425537]]), array([[ 0.09035979,  0.89591846,  0.43493129],\n",
      "       [-0.9925907 ,  0.1166383 , -0.03404703],\n",
      "       [-0.08123301, -0.42863228,  0.89981974]]), array([[ 0.3196801 ,  0.90154405,  0.29158697],\n",
      "       [-0.94599805,  0.28620967,  0.15222259],\n",
      "       [ 0.05378036, -0.32450324,  0.94435445]]), array([[ 0.24448145,  0.94949021,  0.19671593],\n",
      "       [-0.91522284,  0.15894416,  0.37027545],\n",
      "       [ 0.32030607, -0.27056439,  0.90785403]])]\n",
      "11\n"
     ]
    }
   ],
   "source": [
    "Rm=[]\n",
    "for rvec in rvecs:\n",
    "    R,_=cv2.Rodrigues(rvec)\n",
    "    Rm.append(R)\n",
    "   # print(R)\n",
    "   # print(\"\\n\")\n",
    "\n"
   ]
  },
  {
   "cell_type": "markdown",
   "metadata": {},
   "source": [
    "Camera matrix refinement"
   ]
  },
  {
   "cell_type": "code",
   "execution_count": 8,
   "metadata": {},
   "outputs": [],
   "source": [
    "img = cv2.imread('left12.jpg')\n",
    "h,  w = img.shape[:2]\n",
    "newcameramtx, roi=cv2.getOptimalNewCameraMatrix(mtx,dist,(w,h),1,(w,h))"
   ]
  },
  {
   "cell_type": "markdown",
   "metadata": {},
   "source": [
    "Cell 3"
   ]
  },
  {
   "cell_type": "code",
   "execution_count": 9,
   "metadata": {},
   "outputs": [
    {
     "data": {
      "text/plain": [
       "True"
      ]
     },
     "execution_count": 9,
     "metadata": {},
     "output_type": "execute_result"
    }
   ],
   "source": [
    "# 1\n",
    "dst = cv2.undistort(img, mtx, dist, None, newcameramtx)\n",
    "\n",
    "# crop the image\n",
    "x,y,w,h = roi\n",
    "dst = dst[y:y+h, x:x+w]\n",
    "cv2.imwrite('calibresult1.png',dst)\n",
    "\n",
    "\n",
    "# 2\n",
    "mapx,mapy = cv2.initUndistortRectifyMap(mtx,dist,None,newcameramtx,(w,h),5)\n",
    "dst = cv2.remap(img,mapx,mapy,cv2.INTER_LINEAR)\n",
    "\n",
    "# crop the image\n",
    "x,y,w,h = roi\n",
    "dst = dst[y:y+h, x:x+w]\n",
    "cv2.imwrite('calibresult2.png',dst)"
   ]
  },
  {
   "cell_type": "markdown",
   "metadata": {},
   "source": [
    "Radial distortion causes straight lines to appear curved. Radial distortion becomes larger the farther points are from the center of the image.\n",
    "In cell 3 we worked on undistorting the image , to do so , we used two different methods.\n",
    "\n",
    "The first method we used is the undistort method , and it’s the easiest to use . it returns the calibrated image.\n",
    "\n",
    "The second method is using the remapping ,this way is a little bit more complicated. \n",
    "We should first, find a mapping function from the distorted image to the undistorted image. Then use the remap function. \n",
    "\n",
    "And as you can see, both the methods give the same result, all the edges are straight.\n"
   ]
  },
  {
   "cell_type": "markdown",
   "metadata": {},
   "source": [
    "Cell 4"
   ]
  },
  {
   "cell_type": "code",
   "execution_count": 10,
   "metadata": {},
   "outputs": [
    {
     "name": "stdout",
     "output_type": "stream",
     "text": [
      "total error:  0.023686000375385673\n"
     ]
    }
   ],
   "source": [
    "tot_error = 0\n",
    "for i in range(len(objpoints)):\n",
    "    imgpoints2, _ = cv2.projectPoints(objpoints[i], rvecs[i], tvecs[i], mtx, dist)\n",
    "    error = cv2.norm(imgpoints[i],imgpoints2, cv2.NORM_L2)/len(imgpoints2)\n",
    "    tot_error += error\n",
    "\n",
    "print(\"total error: \", tot_error/len(objpoints))"
   ]
  },
  {
   "cell_type": "markdown",
   "metadata": {},
   "source": [
    "The quantity evaluated in cell 4 is the re-projection error.\n",
    "It gives a good estimation of just how exact the found parameters are. The closer the re-projection error is to zero, the more accurate the parameters we found are.\n"
   ]
  },
  {
   "cell_type": "markdown",
   "metadata": {
    "collapsed": true
   },
   "source": [
    "## Teapot on the checkerboard"
   ]
  },
  {
   "cell_type": "code",
   "execution_count": 28,
   "metadata": {},
   "outputs": [],
   "source": [
    "%matplotlib notebook\n",
    "import pandas as pd\n",
    "import numpy as np\n",
    "import matplotlib.animation\n",
    "from matplotlib import pyplot as plt\n",
    "from mpl_toolkits.mplot3d import Axes3D\n",
    "import matplotlib.image as mpimg"
   ]
  },
  {
   "cell_type": "markdown",
   "metadata": {},
   "source": [
    "Load teapot point cloud coordinates"
   ]
  },
  {
   "cell_type": "code",
   "execution_count": 13,
   "metadata": {},
   "outputs": [],
   "source": [
    "# Load from text file\n",
    "tp= np.loadtxt(\"teapot.txt\",usecols=range(3))\n",
    "# Number of points in the cloud\n",
    "n_points = np.shape(tp)\n",
    "# Transpose and add a fourth coordinate with unitary value \n",
    "# (homogeneous coordinates)\n",
    "tp = np.hstack((tp,np.ones((n_points[0],1),dtype=np.float))).T\n",
    "# Save it in a data frame\n",
    "df = pd.DataFrame({\"x\" : tp[0,:], \"y\" :tp[1,:], \"z\" : tp[2,:], \n",
    "                                                \"w\": tp[3,:]})"
   ]
  },
  {
   "cell_type": "markdown",
   "metadata": {},
   "source": [
    "### Reminder\n",
    "\n",
    "mtx : intrinsic matrix (Mint)\n",
    "\n",
    "R: rotation matrix\n",
    "\n",
    "t: translation matrix\n",
    "\n",
    "[R t] : extrinsic matrix (Mext)\n",
    "\n",
    "\n",
    "Camera matrix= Mint Mext"
   ]
  },
  {
   "cell_type": "markdown",
   "metadata": {},
   "source": [
    "Calculate the extrinsic matrices"
   ]
  },
  {
   "cell_type": "code",
   "execution_count": 14,
   "metadata": {},
   "outputs": [
    {
     "name": "stdout",
     "output_type": "stream",
     "text": [
      "[[-9.61727018e-01 -1.01232220e-02  2.73822321e-01  3.79739146e+00]\n",
      " [-3.51069793e-02 -9.86528861e-01 -1.59775803e-01  8.98950175e-01]\n",
      " [ 2.71751068e-01 -1.63273781e-01  9.48416063e-01  1.48593055e+01]]\n",
      "\n",
      "\n",
      "[[-5.72680869e-03  9.97399430e-01  7.18441363e-02 -2.89985494e+00]\n",
      " [-9.28630323e-01 -3.19567624e-02  3.69627499e-01  2.62066993e+00]\n",
      " [ 3.70962163e-01 -6.45998576e-02  9.26398366e-01  1.05769926e+01]]\n",
      "\n",
      "\n",
      "[[-0.30887909  0.9501694   0.04209285 -1.22339632]\n",
      " [-0.83758618 -0.25077985 -0.48534406  3.52139948]\n",
      " [-0.45060304 -0.18516902  0.87330941 15.67311789]]\n",
      "\n",
      "\n",
      "[[ 0.14620389 -0.89550824 -0.4203444   1.81888151]\n",
      " [ 0.96337408  0.22544365 -0.14520858 -4.2642919 ]\n",
      " [ 0.22479946 -0.38371885  0.89567017 12.45728517]]\n",
      "\n",
      "\n",
      "[[ 0.09449387  0.97566706  0.19785017 -2.12419184]\n",
      " [-0.75316188  0.20002654 -0.62668698  1.84550818]\n",
      " [-0.65101313 -0.08979513  0.75373652 12.81229187]]\n",
      "\n",
      "\n",
      "[[-0.92086474  0.36672175  0.13237558  3.03685642]\n",
      " [-0.31481472 -0.89968619  0.30241768  2.74656588]\n",
      " [ 0.22999962  0.23681199  0.94393869  9.90005138]]\n",
      "\n",
      "\n",
      "[[-0.97102471  0.01119766  0.23871662  2.82321756]\n",
      " [ 0.01646123 -0.99339509  0.11355711  2.22374307]\n",
      " [ 0.23841149  0.11419633  0.96442686 10.95762951]]\n",
      "\n",
      "\n",
      "[[-0.19398737  0.97117073  0.13855077 -1.13991523]\n",
      " [-0.86334948 -0.23607533  0.44597771  2.67424464]\n",
      " [ 0.46582892 -0.03310369  0.88425537  9.56289277]]\n",
      "\n",
      "\n",
      "[[ 0.09035979  0.89591846  0.43493129  1.60364763]\n",
      " [-0.9925907   0.1166383  -0.03404703  3.81296375]\n",
      " [-0.08123301 -0.42863228  0.89981974 16.12054474]]\n",
      "\n",
      "\n",
      "[[ 0.3196801   0.90154405  0.29158697 -5.94286695]\n",
      " [-0.94599805  0.28620967  0.15222259  2.39629427]\n",
      " [ 0.05378036 -0.32450324  0.94435445 16.77859026]]\n",
      "\n",
      "\n",
      "[[ 0.24448145  0.94949021  0.19671593 -3.27916485]\n",
      " [-0.91522284  0.15894416  0.37027545  2.15811689]\n",
      " [ 0.32030607 -0.27056439  0.90785403 11.72833343]]\n",
      "\n",
      "\n"
     ]
    }
   ],
   "source": [
    "Mext=[]\n",
    "for i in range(len(Rm)):\n",
    "    Rt_matrix = np.concatenate((Rm[i],tvecs[i]), axis=1)\n",
    "    Mext.append(Rt_matrix)\n",
    "    print(Rt_matrix)\n",
    "    print(\"\\n\")"
   ]
  },
  {
   "cell_type": "markdown",
   "metadata": {},
   "source": [
    "Building Camera matrices M."
   ]
  },
  {
   "cell_type": "code",
   "execution_count": 16,
   "metadata": {},
   "outputs": [
    {
     "name": "stdout",
     "output_type": "stream",
     "text": [
      "[[[-4.20818148e+02 -6.11700780e+01  4.70156932e+02  7.10303538e+03]\n",
      "  [ 4.45519202e+01 -5.64957870e+02  1.35590083e+02  3.94155712e+03]\n",
      "  [ 2.71751068e-01 -1.63273781e-01  9.48416063e-01  1.48593055e+01]]\n",
      "\n",
      " [[ 1.23637697e+02  5.10618942e+02  3.54766471e+02  2.06367529e+03]\n",
      "  [-4.09585212e+02 -3.21169746e+01  4.13225596e+02  3.86361442e+03]\n",
      "  [ 3.70962163e-01 -6.45998576e-02  9.26398366e-01  1.05769926e+01]]\n",
      "\n",
      " [[-3.18859623e+02  4.44216282e+02  3.20745489e+02  4.69952348e+03]\n",
      "  [-5.52336834e+02 -1.77080640e+02 -5.57979247e+01  5.53183156e+03]\n",
      "  [-4.50603040e-01 -1.85169023e-01  8.73309414e-01  1.56731179e+01]]\n",
      "\n",
      " [[ 1.54859915e+02 -6.09317938e+02  8.14081749e+01  5.22599903e+03]\n",
      "  [ 5.66922600e+02  3.10281350e+01  1.31083786e+02  6.24230476e+02]\n",
      "  [ 2.24799463e-01 -3.83718847e-01  8.95670167e-01  1.24572852e+01]]\n",
      "\n",
      " [[-1.71876742e+02  4.90407274e+02  3.63092722e+02  3.24136525e+03]\n",
      "  [-5.53928856e+02  8.59206215e+01 -1.59145870e+02  3.97028895e+03]\n",
      "  [-6.51013132e-01 -8.97951290e-02  7.53736517e-01  1.28122919e+01]]\n",
      "\n",
      " [[-4.13254335e+02  2.76734772e+02  3.93085174e+02  5.00310149e+03]\n",
      "  [-1.14571156e+02 -4.25375296e+02  3.81413486e+02  3.77316735e+03]\n",
      "  [ 2.29999624e-01  2.36811992e-01  9.43938691e-01  9.90005138e+00]]\n",
      "\n",
      " [[-4.37170377e+02  4.49822859e+01  4.56876229e+02  5.25020216e+03]\n",
      "  [ 6.43291803e+01 -5.03989799e+02  2.85312072e+02  3.74027591e+03]\n",
      "  [ 2.38411490e-01  1.14196333e-01  9.64426855e-01  1.09576295e+01]]\n",
      "\n",
      " [[ 5.54934424e+01  5.07367970e+02  3.75999275e+02  2.65725821e+03]\n",
      "  [-3.52618664e+02 -1.33803715e+02  4.44188679e+02  3.65599956e+03]\n",
      "  [ 4.65828918e-01 -3.31036931e-02  8.84255373e-01  9.56289277e+00]]\n",
      "\n",
      " [[ 2.05146899e+01  3.32091432e+02  5.39603245e+02  6.36217685e+03]\n",
      "  [-5.49084576e+02 -3.75492785e+01  1.91423926e+02  5.79178776e+03]\n",
      "  [-8.12330085e-02 -4.28632278e-01  8.99819742e-01  1.61205447e+01]]\n",
      "\n",
      " [[ 1.89099658e+02  3.70659515e+02  4.78257333e+02  2.55654811e+03]\n",
      "  [-4.92747769e+02  7.72784456e+01  3.01288263e+02  5.18840630e+03]\n",
      "  [ 5.37803617e-02 -3.24503236e-01  9.44354448e-01  1.67785903e+01]]\n",
      "\n",
      " [[ 2.39965860e+02  4.14688118e+02  4.15123337e+02  2.25431905e+03]\n",
      "  [-4.14224135e+02  2.18683205e+01  4.09251856e+02  3.88475584e+03]\n",
      "  [ 3.20306069e-01 -2.70564391e-01  9.07854026e-01  1.17283334e+01]]]\n",
      "[[[-4.20818148e+02 -6.11700780e+01  4.70156932e+02  7.10303538e+03]\n",
      "  [ 4.45519202e+01 -5.64957870e+02  1.35590083e+02  3.94155712e+03]\n",
      "  [ 2.71751068e-01 -1.63273781e-01  9.48416063e-01  1.48593055e+01]]\n",
      "\n",
      " [[ 1.23637697e+02  5.10618942e+02  3.54766471e+02  2.06367529e+03]\n",
      "  [-4.09585212e+02 -3.21169746e+01  4.13225596e+02  3.86361442e+03]\n",
      "  [ 3.70962163e-01 -6.45998576e-02  9.26398366e-01  1.05769926e+01]]\n",
      "\n",
      " [[-3.18859623e+02  4.44216282e+02  3.20745489e+02  4.69952348e+03]\n",
      "  [-5.52336834e+02 -1.77080640e+02 -5.57979247e+01  5.53183156e+03]\n",
      "  [-4.50603040e-01 -1.85169023e-01  8.73309414e-01  1.56731179e+01]]\n",
      "\n",
      " [[ 1.54859915e+02 -6.09317938e+02  8.14081749e+01  5.22599903e+03]\n",
      "  [ 5.66922600e+02  3.10281350e+01  1.31083786e+02  6.24230476e+02]\n",
      "  [ 2.24799463e-01 -3.83718847e-01  8.95670167e-01  1.24572852e+01]]\n",
      "\n",
      " [[-1.71876742e+02  4.90407274e+02  3.63092722e+02  3.24136525e+03]\n",
      "  [-5.53928856e+02  8.59206215e+01 -1.59145870e+02  3.97028895e+03]\n",
      "  [-6.51013132e-01 -8.97951290e-02  7.53736517e-01  1.28122919e+01]]\n",
      "\n",
      " [[-4.13254335e+02  2.76734772e+02  3.93085174e+02  5.00310149e+03]\n",
      "  [-1.14571156e+02 -4.25375296e+02  3.81413486e+02  3.77316735e+03]\n",
      "  [ 2.29999624e-01  2.36811992e-01  9.43938691e-01  9.90005138e+00]]\n",
      "\n",
      " [[-4.37170377e+02  4.49822859e+01  4.56876229e+02  5.25020216e+03]\n",
      "  [ 6.43291803e+01 -5.03989799e+02  2.85312072e+02  3.74027591e+03]\n",
      "  [ 2.38411490e-01  1.14196333e-01  9.64426855e-01  1.09576295e+01]]\n",
      "\n",
      " [[ 5.54934424e+01  5.07367970e+02  3.75999275e+02  2.65725821e+03]\n",
      "  [-3.52618664e+02 -1.33803715e+02  4.44188679e+02  3.65599956e+03]\n",
      "  [ 4.65828918e-01 -3.31036931e-02  8.84255373e-01  9.56289277e+00]]\n",
      "\n",
      " [[ 2.05146899e+01  3.32091432e+02  5.39603245e+02  6.36217685e+03]\n",
      "  [-5.49084576e+02 -3.75492785e+01  1.91423926e+02  5.79178776e+03]\n",
      "  [-8.12330085e-02 -4.28632278e-01  8.99819742e-01  1.61205447e+01]]\n",
      "\n",
      " [[ 1.89099658e+02  3.70659515e+02  4.78257333e+02  2.55654811e+03]\n",
      "  [-4.92747769e+02  7.72784456e+01  3.01288263e+02  5.18840630e+03]\n",
      "  [ 5.37803617e-02 -3.24503236e-01  9.44354448e-01  1.67785903e+01]]\n",
      "\n",
      " [[ 2.39965860e+02  4.14688118e+02  4.15123337e+02  2.25431905e+03]\n",
      "  [-4.14224135e+02  2.18683205e+01  4.09251856e+02  3.88475584e+03]\n",
      "  [ 3.20306069e-01 -2.70564391e-01  9.07854026e-01  1.17283334e+01]]]\n",
      "[[[-4.20818148e+02 -6.11700780e+01  4.70156932e+02  7.10303538e+03]\n",
      "  [ 4.45519202e+01 -5.64957870e+02  1.35590083e+02  3.94155712e+03]\n",
      "  [ 2.71751068e-01 -1.63273781e-01  9.48416063e-01  1.48593055e+01]]\n",
      "\n",
      " [[ 1.23637697e+02  5.10618942e+02  3.54766471e+02  2.06367529e+03]\n",
      "  [-4.09585212e+02 -3.21169746e+01  4.13225596e+02  3.86361442e+03]\n",
      "  [ 3.70962163e-01 -6.45998576e-02  9.26398366e-01  1.05769926e+01]]\n",
      "\n",
      " [[-3.18859623e+02  4.44216282e+02  3.20745489e+02  4.69952348e+03]\n",
      "  [-5.52336834e+02 -1.77080640e+02 -5.57979247e+01  5.53183156e+03]\n",
      "  [-4.50603040e-01 -1.85169023e-01  8.73309414e-01  1.56731179e+01]]\n",
      "\n",
      " [[ 1.54859915e+02 -6.09317938e+02  8.14081749e+01  5.22599903e+03]\n",
      "  [ 5.66922600e+02  3.10281350e+01  1.31083786e+02  6.24230476e+02]\n",
      "  [ 2.24799463e-01 -3.83718847e-01  8.95670167e-01  1.24572852e+01]]\n",
      "\n",
      " [[-1.71876742e+02  4.90407274e+02  3.63092722e+02  3.24136525e+03]\n",
      "  [-5.53928856e+02  8.59206215e+01 -1.59145870e+02  3.97028895e+03]\n",
      "  [-6.51013132e-01 -8.97951290e-02  7.53736517e-01  1.28122919e+01]]\n",
      "\n",
      " [[-4.13254335e+02  2.76734772e+02  3.93085174e+02  5.00310149e+03]\n",
      "  [-1.14571156e+02 -4.25375296e+02  3.81413486e+02  3.77316735e+03]\n",
      "  [ 2.29999624e-01  2.36811992e-01  9.43938691e-01  9.90005138e+00]]\n",
      "\n",
      " [[-4.37170377e+02  4.49822859e+01  4.56876229e+02  5.25020216e+03]\n",
      "  [ 6.43291803e+01 -5.03989799e+02  2.85312072e+02  3.74027591e+03]\n",
      "  [ 2.38411490e-01  1.14196333e-01  9.64426855e-01  1.09576295e+01]]\n",
      "\n",
      " [[ 5.54934424e+01  5.07367970e+02  3.75999275e+02  2.65725821e+03]\n",
      "  [-3.52618664e+02 -1.33803715e+02  4.44188679e+02  3.65599956e+03]\n",
      "  [ 4.65828918e-01 -3.31036931e-02  8.84255373e-01  9.56289277e+00]]\n",
      "\n",
      " [[ 2.05146899e+01  3.32091432e+02  5.39603245e+02  6.36217685e+03]\n",
      "  [-5.49084576e+02 -3.75492785e+01  1.91423926e+02  5.79178776e+03]\n",
      "  [-8.12330085e-02 -4.28632278e-01  8.99819742e-01  1.61205447e+01]]\n",
      "\n",
      " [[ 1.89099658e+02  3.70659515e+02  4.78257333e+02  2.55654811e+03]\n",
      "  [-4.92747769e+02  7.72784456e+01  3.01288263e+02  5.18840630e+03]\n",
      "  [ 5.37803617e-02 -3.24503236e-01  9.44354448e-01  1.67785903e+01]]\n",
      "\n",
      " [[ 2.39965860e+02  4.14688118e+02  4.15123337e+02  2.25431905e+03]\n",
      "  [-4.14224135e+02  2.18683205e+01  4.09251856e+02  3.88475584e+03]\n",
      "  [ 3.20306069e-01 -2.70564391e-01  9.07854026e-01  1.17283334e+01]]]\n"
     ]
    }
   ],
   "source": [
    "Ms=[]\n",
    "for i in range(len(mtx)):\n",
    "    M=np.matmul(mtx,Mext)\n",
    "    Ms.append(M)\n",
    "    print(M)"
   ]
  },
  {
   "cell_type": "code",
   "execution_count": 31,
   "metadata": {},
   "outputs": [],
   "source": [
    "# Scaling matrix\n",
    "def scaling_matrix(s):\n",
    "    # Scales are given in numpy array s\n",
    "    # s=np.array([s_x,s_y,s_z])\n",
    "\n",
    "    S = np.identity(4)\n",
    "    S[:3, :3] = np.diag(s)\n",
    "    \n",
    "    return S\n",
    "def translation_matrix(t):\n",
    "    # Translation vector is given in numpy array t\n",
    "    # t=np.array([t_x,t_y,t_z])\n",
    "    \n",
    "    # Write the translation matrix here\n",
    "    T = np.identity(4)\n",
    "    T[:3, 3] = t\n",
    "    \n",
    "    return T\n",
    "\n",
    "# Rotation matrix\n",
    "def rotation_matrix(theta, v):\n",
    "    # Axis for rotation (unit norm vector) is given \n",
    "    # is given in numpy array v\n",
    "    # v=np.array([v_x,v_y,v_z])\n",
    "    # Rotation angle is given in theta\n",
    "    \n",
    "    # Write the rotation matrix here\n",
    "    st = np.sin(theta)\n",
    "    ct = np.cos(theta)\n",
    "    o_ct = 1-ct\n",
    "    vx2= v[0]**2\n",
    "    vy2= v[1]**2\n",
    "    vz2= v[2]**2\n",
    "    vxy = v[0]*v[1]\n",
    "    vxz = v[0]*v[2]\n",
    "    vyz= v[1]*v[2]\n",
    "    # Rotation\n",
    "    R = [[ct+vx2*o_ct, vxy*o_ct-v[2]*st, vxz*o_ct+v[1]*st],\n",
    "         [vxy*o_ct+v[2]*st, ct+vy2*o_ct, vyz*o_ct-v[0]*st],\n",
    "         [vxz*o_ct-v[1]*st, vyz*o_ct+v[0]*st, ct+vz2*o_ct]]\n",
    "    R_v = np.identity(4)\n",
    "    R_v[:3, :3] = R\n",
    "    \n",
    "    return R_v"
   ]
  },
  {
   "cell_type": "markdown",
   "metadata": {},
   "source": [
    "Teapot scaled"
   ]
  },
  {
   "cell_type": "code",
   "execution_count": 10,
   "metadata": {},
   "outputs": [],
   "source": [
    "def update_graph(num):\n",
    "    # Load point cloud from data frame\n",
    "    tp=np.vstack((df['x'],df['y'],df['z'],df['w']))\n",
    "    # Create uniform scaling matrix \n",
    "    M = scaling_matrix([0.5,0.5,-0.5])\n",
    "\n",
    "    tp_r = np.dot(M,tp)\n",
    "    graph._offsets3d = (tp_r[0,:], tp_r[1,:], tp_r[2,:])\n",
    "    return graph"
   ]
  },
  {
   "cell_type": "markdown",
   "metadata": {},
   "source": [
    "Visualizing the transformation in 3D"
   ]
  },
  {
   "cell_type": "code",
   "execution_count": 11,
   "metadata": {},
   "outputs": [
    {
     "data": {
